Матрица A:
[[ 1.  2. -2.  6.]
 [-3. -5. 14. 13.]
 [ 1.  2. -2. -2.]
 [-2. -4.  5. 10.]]

Вектор b:
[24. 41.  0. 20.]
Матрица L:
[[ 1.          0.          0.          0.        ]
 [ 0.66666667  1.          0.          0.        ]
 [-0.33333333 -0.5         1.          0.        ]
 [-0.33333333 -0.5         1.          1.        ]]

Матрица U:
[[-3.         -5.         14.         13.        ]
 [ 0.         -0.66666667 -4.33333333  1.33333333]
 [ 0.          0.          0.5         3.        ]
 [ 0.          0.          0.          8.        ]]
Определитель матрицы A:
8.00

Обратная матрица A:
[[-11.5    -2.     42.5    18.   ]
 [  5.125   1.    -18.125  -8.   ]
 [ -0.75    0.      2.75    1.   ]
 [  0.125   0.     -0.125   0.   ]]

Проверка решения (Ax - b):
[3.55271368e-15 0.00000000e+00 8.88178420e-16 0.00000000e+00]

Норма невязки: 3.66e-15
Невязка минимальна, решение корректно!
